[header-bg.jpg]
filters=Sixties=1,20.000000,00ffffff,0;CrossProcess=1,79.532166;radsat=1,0.495212,0.286885,1.000000,0.000000;
moddate=00008e2aaad00000
width=3000
height=2000
textactive=0
